4.244430273881634463e-02
3.731841948483856364e-02
3.645689393734609374e-02
4.061542282991238012e-02
4.275937605991238927e-02
3.907488039314764572e-02
4.868969964629610292e-02
4.228855470438197539e-02
3.977181143594165497e-02
3.869473994986281223e-02
3.807762833190198037e-02
4.289385108688438530e-02
3.926248142408652470e-02
3.296496540354759697e-02
3.876796079592423339e-02
4.302132933197015674e-02
3.573696140909229241e-02
3.561454832408079973e-02
4.037780450493416717e-02
4.038111834057542260e-02
4.163658165981309889e-02
4.484109618450141110e-02
4.282910916281897074e-02
4.134417812944106430e-02
4.280090709159177498e-02
3.781442989885284295e-02
3.831525016008682089e-02
3.647856974340017711e-02
3.742247533557502281e-02
4.159341670353832593e-02
3.388498476754884386e-02
3.920351937535945797e-02
3.916911114058592436e-02
3.992445270571502031e-02
3.910800772975427109e-02
3.767273281083551723e-02
3.911433985290812404e-02
4.576366130844869429e-02
4.716078735988907950e-02
4.002197200416371392e-02
4.150526630770074582e-02
3.444090195578593250e-02
3.773950789553901647e-02
3.897391945152126058e-02
4.517449575763645558e-02
3.681111938266164174e-02
3.979698516905671307e-02
4.896207150887926102e-02
4.023318264589931942e-02
4.136739905254154664e-02
3.455076247133052891e-02
4.441704264650017664e-02
4.124566263721562986e-02
4.054019220315233096e-02
3.807229233755628217e-02
3.756364777713795677e-02
3.900073433051345212e-02
4.224177554797559769e-02
4.536520091749854378e-02
4.012469409822450733e-02
4.208430502435967641e-02
4.103540137480102268e-02
4.151716906561259135e-02
4.215465395646429692e-02
4.470730694161473284e-02
3.365329476806124681e-02
4.339901193663987800e-02
3.671094234769509829e-02
3.593546859534213489e-02
4.087118183188548359e-02
3.397515678869733602e-02
4.558012665331556690e-02
4.154657593488656625e-02
4.281453443622759703e-02
3.113687634665784215e-02
4.113946392442714012e-02
4.068141794010872447e-02
3.531690077933036243e-02
3.520651883250425912e-02
4.243164280215731832e-02
3.775911322038032203e-02
4.238382966322982309e-02
4.065242699686498484e-02
3.865550043949094600e-02
4.657630349309963697e-02
4.469479148388096762e-02
3.825954624447210073e-02
3.240408313424827935e-02
3.757236352093227399e-02
3.876970474038786418e-02
4.255940925459002905e-02
4.961974728032231274e-02
3.824068864035275878e-02
4.338192402524284480e-02
4.112406138121797727e-02
4.238023167887555731e-02
3.516958340368443042e-02
3.877821858148343404e-02
3.666908427959768291e-02
3.808120860646645178e-02
